real_division_pair
31 30 4
17 18 4
144 151 4
137 145 4
8 14 4
34 32 4
104 111 4
96 109 4
136 141 4
113 119 4
128 132 4
88 95 8
120 117 8
100 101 8
28 33 8
25 29 8
12 15 8
19 27 8
38 42 8
23 26 8
35 39 8
55 60 8
72 81 8
143 150 8
153 159 8
164 168 8
155 157 8
133 139 8
138 142 8
124 129 8
78 90 12
51 56 12
21 24 12
37 40 12
13 16 12
2 7 12
0 1 12
85 92 12
71 82 12
122 131 12
115 125 12
156 161 12
160 165 12
166 170 12
149 158 12
50 66 16
110 112 16
121 130 16
4 6 16
3 9 16
20 22 16
70 83 16
118 134 16
152 146 16
163 167 16
77 89 20
52 65 20
75 80 20
58 59 20
43 48 20
62 61 20
99 98 20
5 10 20
69 74 20
108 102 20
105 116 20
126 140 20
94 106 24
73 86 28
46 57 28
63 68 28
84 87 32
41 54 32
67 79 32
47 49 36