real_division_pair
16 27 4
44 46 4
87 90 4
102 107 4
120 123 4
115 118 4
8 9 4
38 49 4
80 88 8
61 76 8
34 35 8
17 24 8
19 26 8
60 70 8
110 108 8
130 134 8
65 64 8
51 63 8
56 57 12
69 81 12
41 47 12
67 84 12
106 114 12
89 98 12
142 150 12
156 161 12
116 117 12
92 101 12
93 104 12
66 77 12
109 121 16
132 143 16
59 74 16
20 32 16
149 159 16
140 144 16
100 112 20
111 122 20
146 158 20
157 163 20
148 154 20
78 94 20
33 36 20
54 68 20
25 39 20
50 55 20
72 83 20
82 91 20
103 105 20
124 129 20
139 145 20
138 147 20
164 162 20
135 141 20
96 86 20
22 23 20
85 95 24
152 160 24
99 97 24
1 2 24
7 10 24
28 43 24
126 137 28
113 119 28
45 48 28
14 18 28
151 155 32
53 58 32
21 31 32
3 4 32
11 15 32
5 13 32
