real_division_pair
44 45 4
61 65 4
81 87 4
58 66 4
54 62 4
6 11 4
3 7 4
0 2 4
32 38 4
71 80 4
120 118 4
117 124 4
72 82 4
53 60 4
91 98 4
67 83 4
135 138 4
97 107 8
30 31 8
42 46 8
35 37 8
33 36 12
22 25 12
1 5 12
8 4 12
9 13 12
10 16 12
20 21 12
52 63 12
43 59 12
96 106 12
79 86 12
127 130 12
123 119 12
104 113 12
92 85 12
64 69 12
76 78 12
89 94 12
14 17 12
19 24 12
40 47 12
114 122 16
29 41 16
48 49 16
133 136 16
75 84 20
108 102 20
15 18 20
39 50 20
12 23 20
26 34 20
90 100 20
51 55 24
77 88 24
128 129 24
137 139 24
103 112 24
93 95 24
101 110 28
99 105 28
125 134 32
131 132 32
116 126 36