real_division_pair
31 35 4
16 21 4
116 121 4
99 102 4
104 115 4
90 95 4
89 84 4
15 19 4
25 29 4
76 77 4
74 81 4
129 132 4
20 23 8
37 46 8
40 41 8
47 48 8
69 72 8
45 54 8
26 34 8
9 4 8
5 7 8
128 138 8
144 152 8
131 139 8
158 159 8
160 161 8
156 162 8
134 141 8
125 137 8
52 60 8
0 2 8
63 71 12
75 80 12
87 96 12
91 98 12
110 113 12
108 118 12
94 106 12
59 67 12
36 38 12
43 42 12
57 58 12
64 73 12
65 62 12
123 130 12
127 136 12
146 150 12
148 145 12
50 55 16
51 56 16
22 28 16
10 13 16
8 12 16
32 30 16
18 27 16
86 92 16
105 109 16
103 117 16
142 143 16
154 153 16
140 133 16
100 97 16
83 88 16
70 79 16
24 33 20
68 82 20
93 101 20
107 114 20
126 135 20
119 122 20
120 112 20
149 147 20