real_division_pair
23 29 4
39 46 4
31 40 4
17 21 4
12 16 4
6 10 4
34 38 4
51 59 4
137 148 4
139 144 4
128 133 4
108 116 4
80 88 4
78 83 8
65 66 8
81 76 8
99 92 8
117 113 8
145 142 8
134 140 8
120 124 8
97 104 8
123 127 8
121 126 8
109 118 8
91 101 8
75 85 8
71 79 8
48 55 8
4 7 8
0 1 8
3 9 8 
93 105 8
74 89 8
150 151 8
146 149 8
25 30 12
73 69 12
82 90 12
95 106 12
114 122 12
130 138 12
103 111 12
131 135 12
136 143 12
62 67 12
41 54 12
44 53 12
32 45 16
18 24 16
5 11 16
47 49 16
64 58 16
37 50 16
61 70 16
100 107 16
86 96 16
33 27 16
125 129 16
102 110 16
52 63 20
56 57 20
28 35 20
22 19 20
20 26 20
68 77 20
72 84 24